A = [0 1; 1 0];
C = A + 2